0.12036490440368652
0.11940570175647736
0.11889149993658066
0.11278059333562851
0.11565420776605606
0.11962993443012238
0.11836137622594833
0.11757612228393555
0.11090423911809921
0.1137281209230423
0.11706240475177765
0.11406554281711578
0.11421854794025421
0.10769009590148926
0.11077212542295456
0.11256475746631622
0.1113169714808464
0.10912974178791046
0.10328374058008194
0.10699786245822906
0.10787542164325714
0.10743587464094162
0.1039331927895546
0.09823662787675858
0.10271348804235458
0.10358881205320358
0.10309775918722153
0.10278661549091339
0.09419895708560944
0.09903594106435776
0.10030300915241241
0.09732319414615631
0.10237646102905273
0.09099635481834412
0.09589451551437378
0.09830864518880844
0.09656011313199997
0.09670612961053848
0.08814655989408493
0.09330009669065475
0.0918421670794487
0.09470284730195999
0.09212099760770798
0.08691483736038208
0.09228907525539398
0.09055805206298828
0.0888683944940567
0.08590581268072128
0.08621325343847275
0.0917079821228981
0.08568695932626724
0.08825208246707916
0.08447635173797607
0.08414957672357559
0.09012629091739655
0.08052849769592285
0.08528361469507217
0.08057588338851929
0.08271801471710205
0.08856881409883499
0.07909534126520157
0.08461873978376389
0.07740309089422226
0.07741554826498032
0.0825616866350174
0.07705272734165192
0.08350201696157455
0.08255468308925629
0.08381550759077072
0.08884748816490173
0.07717114686965942
0.07891364395618439
0.073011614382267
0.07836728543043137
0.0832538828253746
0.06959713995456696
0.06904073804616928
0.08859684318304062
0.09264262765645981
0.09768183529376984
0.0862928032875061
0.08651653677225113
0.08744702488183975
0.08097343891859055
0.08608025312423706
0.08087872713804245
0.08343227207660675
0.09328188002109528
0.10396881401538849
0.10728324949741364
0.09625899791717529
0.08294923603534698
0.08336442708969116
0.08541522920131683
0.0886082872748375
0.0788201242685318
0.08129116147756577
0.08283811807632446
0.09295755624771118
0.09390074014663696
0.0873354822397232
0.07974439859390259
0.08256278187036514
0.07918498665094376
0.08395496010780334
0.07460113614797592
0.07303488254547119
0.08663351833820343
0.09516753256320953
0.09668820351362228
0.0891151949763298
0.07425235956907272
0.07706283777952194
0.07810550183057785
0.08246570825576782
0.07374060153961182
0.07487968355417252
0.10286951065063477
0.11097743362188339
0.11247078329324722
0.10231082886457443
0.09075351804494858
0.0902385264635086
0.0908125638961792
0.09147169440984726
0.08525180071592331
0.08515091985464096
0.08814863115549088
0.09658794850111008
0.09950901567935944
0.08569502830505371
0.07552958279848099
0.07152416557073593
0.07632618397474289
0.08185658603906631
0.07261251658201218
0.07144500315189362
0.08754526078701019
0.08879031240940094
0.09006191790103912
0.08406189829111099
0.08589421957731247
0.08567143976688385
0.08494045585393906
0.08563867956399918
0.0798349380493164
0.08112060278654099
0.08740772306919098
0.08763249963521957
0.09169548004865646
0.087321437895298
0.07692288607358932
0.07930639386177063
0.07545468211174011
0.07754881680011749
0.06841803342103958
0.06840822100639343
0.07454269379377365
0.0809980258345604
0.0839809700846672
0.07662105560302734
0.06648312509059906
0.06727423518896103
0.07780035585165024
0.07893098890781403
0.06981978565454483
0.07068008184432983
0.08884429931640625
0.0905592069029808
0.09393783658742905
0.08709803968667984
0.07995915412902832
0.07870578020811081
0.08146007359027863
0.08268354088068008
0.0778760090470314
0.07635851949453354
0.08182227611541748
0.08328273147344589
0.08641787618398666
0.08017821609973907
0.06433942168951035
0.06378781050443649
0.06658264249563217
0.06850520521402359
0.06270036101341248
0.06258358806371689
0.07117149978876114
0.07123057544231415
0.07753820717334747
0.07203900068998337
0.06282392144203186
0.06336859613656998
0.06796189397573471
0.07036951184272766
0.06676346063613892
0.07005637139081955
0.08604102581739426
0.09095171838998795
0.0937042161822319
0.08775562047958374
0.07169188559055328
0.07133545726537704
0.06334300339221954
0.06658805906772614
0.060218751430511475
0.06135353073477745
0.06221703439950943
0.06837517023086548
0.07325883954763412
0.06429071724414825
0.05896329507231712
0.059245456010103226
0.05944650247693062
0.06565538048744202
0.05608430132269859
0.05718335136771202
0.06842696666717529
0.06645752489566803
0.06995519250631332
0.06589066237211227
0.05498308688402176
0.05574901029467583
0.0552414134144783
0.06001092866063118
0.05232799053192139
0.053254999220371246
0.06364865601062775
0.062185466289520264
0.06583932787179947
0.0648002028465271
0.053863417357206345
0.05331474542617798
0.05751362442970276
0.06138245388865471
0.055826183408498764
0.05528199300169945
0.07366319745779037
0.06727858632802963
0.06884143501520157
0.07003800570964813
0.062062423676252365
0.06259701400995255
0.058577220886945724
0.06072366237640381
0.057117611169815063
0.057659246027469635
0.058893997222185135
0.053952645510435104
0.059260379523038864
0.05783281847834587
0.0506475567817688
0.05010852962732315
0.04936155304312706
0.053204864263534546
0.050875402987003326
0.05091611295938492
0.06718748062849045
0.06528105586767197
0.06736032664775848
0.06778009235858917
0.060570310801267624
0.06866710633039474
0.049942225217819214
0.05450090393424034
0.050103552639484406
0.05325298383831978
0.05621502920985222
0.057170283049345016
0.06135036423802376
0.05870840698480606
0.049947839230298996
0.05064070224761963
0.046282630413770676
0.05088362842798233
0.049380283802747726
0.04804151877760887
0.05990605428814888
0.06024860963225365
0.06185392290353775
0.06434910744428635
0.05609539896249771
0.05908071994781494
0.04787410423159599
0.05092591792345047
0.054000746458768845
0.049970339983701706
0.058821894228458405
0.058862198144197464
0.06332434713840485
0.0612582266330719
0.0470198355615139
0.04485924541950226
0.04210212826728821
0.04511997476220131
0.04717788100242615
0.04603096842765808
0.057911284267902374
0.05251070484519005
0.05800789222121239
0.056778665632009506
0.043524157255887985
0.04501456022262573
0.03793014958500862
0.04139542207121849
0.042169902473688126
0.04250499606132507
0.04864497110247612
0.04508869722485542
0.049353666603565216
0.048682983964681625
0.041483763605356216
0.040784865617752075
0.038242585957050323
0.041109006851911545
0.04403763636946678
0.04263048246502876
0.047810960561037064
0.04597005993127823
0.050099927932024
0.05176204442977905
0.041507042944431305
0.04359842836856842
0.036361727863550186
0.03864641860127449
0.040829870849847794
0.04069895297288895
0.05247710272669792
0.04596637189388275
0.05016517639160156
0.05056852102279663
0.039233602583408356
0.03660319373011589
0.035433780401945114
0.039862751960754395
0.04179291054606438
0.04152044281363487
0.0682719424366951
0.06197841838002205
0.06366047263145447
0.06585364788770676
0.05015210062265396
0.05091462656855583
0.037750110030174255
0.04213039577007294
0.04183519631624222
0.04228212311863899
0.043049752712249756
0.03756256774067879
0.04122885689139366
0.04264720901846886
0.03611106425523758
0.03676833584904671
0.03201388195157051
0.03507673367857933
0.035370904952287674
0.03680127486586571
0.0465567484498024
0.03724526986479759
0.0416727140545845
0.04259068891406059
0.034508734941482544
0.039216794073581696
0.030658667907118797
0.034271106123924255
0.03726474195718765
0.0340004526078701
0.0516105592250824
0.049325522035360336
0.051758576184511185
0.053855445235967636
0.04133257269859314
0.04306681826710701
0.03351162374019623
0.037157922983169556
0.03997461870312691
0.03771131858229637
0.04932751879096031
0.04398607090115547
0.04722103849053383
0.05074995756149292
0.04245009273290634
0.04304185137152672
0.033120255917310715
0.03570850193500519
0.03820740059018135
0.038465287536382675
0.039015669375658035
0.03290576860308647
0.037612225860357285
0.04147009924054146
0.034988127648830414
0.03692365437746048
0.02911204658448696
0.03267345577478409
0.03520914912223816
0.03439625725150108
0.04746056720614433
0.038434188812971115
0.0395829938352108
0.04416247829794884
0.035295236855745316
0.037685684859752655
0.03358772024512291
0.036503419280052185
0.03960470110177994
0.03742397204041481
0.04923148453235626
0.0467168390750885
0.04761948809027672
0.05155834183096886
0.04220544174313545
0.0404403917491436
0.028779376298189163
0.03287285566329956
0.034276049584150314
0.036502838134765625
0.0458148829638958
0.037387292832136154
0.04009497910737991
0.042716529220342636
0.03741907700896263
0.04041154310107231
0.028337610885500908
0.03240446746349335
0.0348493792116642
0.035141706466674805
0.04467453435063362
0.03453908488154411
0.037061501294374466
0.04248901084065437
0.03242112323641777
0.032256778329610825
0.02827579714357853
0.03239104896783829
0.03421064838767052
0.035077858716249466
0.04784471169114113
0.041308220475912094
0.041992273181676865
0.04759184271097183
0.036336492747068405
0.036739449948072433
0.029131019487977028
0.03325207531452179
0.03521989658474922
0.03534051403403282
0.04835028201341629
0.043773818761110306
0.04393930360674858
0.04682830721139908
0.0382816307246685
0.04040960595011711
0.033618729561567307
0.038240473717451096
0.04036397859454155
0.04206014797091484
0.04653429239988327
0.042928602546453476
0.04294203966856003
0.052876800298690796
0.04105464369058609
0.036449234932661057
0.029711056500673294
0.03400396928191185
0.03456950932741165
0.03546423092484474
0.04432239010930061
0.0348522774875164
0.03507509082555771
0.04163844883441925
0.03322216495871544
0.03251853212714195
0.026448091492056847
0.03176499903202057
0.03209502622485161
0.03391629457473755
0.03498663008213043
0.028216395527124405
0.030300864949822426
0.035672880709171295
0.031845126301050186
0.029125738888978958
0.025724295526742935
0.028494244441390038
0.031121307983994484
0.029132692143321037
0.03539302945137024
0.03025558963418007
0.03386658802628517
0.034620802849531174
0.031076377257704735
0.03214248642325401
0.02679099515080452
0.030931776389479637
0.0321054570376873
0.03248796984553337
0.041893359273672104
0.036349501460790634
0.03767938166856766
0.04307025298476219
0.03509819507598877
0.0335136316716671
0.024810416623950005
0.029132096096873283
0.03144735097885132
0.03035319782793522
0.041172850877046585
0.030449969694018364
0.03189009428024292
0.03729759529232979
0.029472624883055687
0.031051529571413994
0.02501978911459446
0.02834470570087433
0.030039453878998756
0.03026430867612362
0.032740429043769836
0.027346253395080566
0.030387530103325844
0.03454813361167908
0.028871877118945122
0.02985069714486599
0.025302410125732422
0.03016730211675167
0.03284322842955589
0.029224349185824394
0.037486590445041656
0.03408976271748543
0.03412140533328056
0.03591586649417877
0.03187134116888046
0.03155602887272835
0.026715600863099098
0.03167475387454033
0.03101363778114319
0.035388585180044174
0.043623294681310654
0.03265361115336418
0.034064844250679016
0.03848295286297798
0.028521651402115822
0.02954963408410549
0.027357101440429688
0.03180208057165146
0.035027239471673965
0.03441246971487999
0.04679763317108154
0.03713846206665039
0.037950705736875534
0.041611965745687485
0.03274859860539436
0.04104071110486984
0.024496957659721375
0.028253817930817604
0.030367029830813408
0.02741372399032116
0.030478207394480705
0.0244199987500906
0.027391180396080017
0.029905427247285843
0.028375893831253052
0.035395752638578415
0.02353830076754093
0.026504261419177055
0.02777743712067604
0.027568597346544266
0.033634986728429794
0.024664564058184624
0.030610525980591774
0.032264795154333115
0.02859838306903839
0.02762577310204506
0.02369285561144352
0.026491178199648857
0.026540545746684074
0.028207778930664062
0.029733380302786827
0.023298976942896843
0.026969460770487785
0.028438866138458252
0.027354007586836815
0.028547031804919243
0.021549521014094353
0.024838751181960106
0.026184910908341408
0.026860078796744347
0.029750941321253777
0.023154137656092644
0.02670654095709324
0.029288649559020996
0.025407249107956886
0.02705368772149086
0.021440252661705017
0.025019172579050064
0.026391321793198586
0.02700374834239483
0.026628971099853516
0.024139096960425377
0.026446452364325523
0.02750803902745247
0.027258673682808876
0.02633061073720455
0.020527897402644157
0.024636978283524513
0.026577627286314964
0.026079339906573296
0.029234496876597404
0.02080444060266018
0.025852829217910767
0.028387082740664482
0.023903334513306618
0.02699459157884121
0.020044760778546333
0.02476244606077671
0.025093818083405495
0.02634873427450657
0.023391922935843468
0.02112255059182644
0.02472366951406002
0.027988344430923462
0.02553487755358219
0.02644839882850647
0.019631830975413322
0.02463153563439846
0.025522207841277122
0.026734566316008568
0.028906702995300293
0.020786795765161514
0.024580243974924088
0.02674674801528454
0.02493995800614357
0.02346043288707733
0.02062789350748062
0.023820480331778526
0.02447585202753544
0.025322292000055313
0.026850540190935135
0.019693030044436455
0.024326061829924583
0.025958731770515442
0.026896340772509575
0.02590402401983738
0.019620416685938835
0.025118662044405937
0.026184169575572014
0.02599969506263733
0.029322344809770584
0.020167522132396698
0.023907814174890518
0.02749357931315899
0.025327015668153763
0.024436455219984055
0.019700011238455772
0.02374434284865856
0.025288084521889687
0.024955255910754204
0.024907579645514488
0.019598444923758507
0.02468847669661045
0.02737751603126526
0.024623749777674675
0.026365656405687332
0.01914033107459545
0.023587042465806007
0.024345112964510918
0.02506953477859497
0.02667650580406189
0.019258296117186546
0.023331940174102783
0.024676023051142693
0.024634433910250664
0.02790590561926365
0.019315524026751518
0.024478409439325333
0.026738161221146584
0.025665337219834328
0.027436336502432823
0.021133799105882645
0.023883642628788948
0.027088750153779984
0.02606075443327427
0.02475637011229992
0.01853969693183899
0.023235615342855453
0.024580031633377075
0.0252652857452631
0.027712929993867874
0.018601251766085625
0.02354503609240055
0.023505408316850662
0.024376612156629562
0.025247251614928246
0.018614772707223892
0.023477325215935707
0.02435126341879368
0.024008212611079216
0.027820313349366188
0.01829967088997364
0.022505631670355797
0.024148747324943542
0.02607605792582035
0.02532627247273922
0.01825549080967903
0.022225458174943924
0.026378965005278587
0.024885952472686768
0.024869805201888084
0.018165037035942078
0.022148964926600456
0.024317145347595215
0.025727683678269386
0.026991216465830803
0.01807987689971924
0.022350165992975235
0.024357428774237633
0.02383914776146412
0.023299558088183403
0.017887912690639496
0.021896613761782646
0.0237477608025074
0.0237602349370718
0.02677234448492527
0.017784882336854935
0.02189587987959385
0.02365878038108349
0.024480430409312248
0.022417306900024414
0.017661629244685173
0.021792598068714142
0.024075133726000786
0.02422281913459301
0.028799666091799736
0.01765601709485054
0.021655745804309845
0.02379346266388893
0.0254412479698658
0.026367604732513428
0.017842022702097893
0.022189350798726082
0.02341468818485737
0.023518675938248634
0.02436262182891369
0.017763083800673485
0.022084640339016914
0.02459651604294777
0.024291018024086952
0.025486299768090248
0.017588570713996887
0.02168077602982521
0.017589103430509567
0.021679190918803215
